function mpc = case33bw
%CASE33BW  Power flow data for 33 bus distribution system from Baran & Wu
%   Please see CASEFORMAT for details on the case file format.
%
%   Data from ...
%       M. E. Baran and F. F. Wu, "Network reconfiguration in distribution
%       systems for loss reduction and load balancing," in IEEE Transactions
%       on Power Delivery, vol. 4, no. 2, pp. 1401-1407, Apr 1989.
%       doi: 10.1109/61.25627
%       URL: https://doi.org/10.1109/61.25627

%% MATPOWER Case Format : Version 2
mpc.version = '2';

%%-----  Power Flow Data  -----%%
%% system MVA base
mpc.baseMVA = 10;
%% 节点负荷（标幺值,24小时值）(33*24)
mpc.Pload= [0.0004666666667,0.0005,0.0005666666667,0.0006333333333,0.0006666666667,0.0007333333333,0.0007666666667,0.0008,0.0008666666667,0.0009333333333,0.0009666666667,0.001,0.0009333333333,0.0008666666667,0.0008,0.0007,0.0006666666667,0.0007333333333,0.0008,0.0009333333333,0.0008666666667,0.0007333333333,0.0006,0.0005333333333;
            0.00042,0.00045,0.00051,0.00057,0.0006,0.00066,0.00069,0.00072,0.00078,0.00084,0.00087,0.0009,0.00084,0.00078,0.00072,0.00063,0.0006,0.00066,0.00072,0.00084,0.00078,0.00066,0.00054,0.00048;
            0.00056,0.0006,0.00068,0.00076,0.0008,0.00088,0.00092,0.00096,0.00104,0.00112,0.00116,0.0012,0.00112,0.00104,0.00096,0.00084,0.0008,0.00088,0.00096,0.00112,0.00104,0.00088,0.00072,0.00064;
            0.00028,0.0003,0.00034,0.00038,0.0004,0.00044,0.00046,0.00048,0.00052,0.00056,0.00058,0.0006,0.00056,0.00052,0.00048,0.00042,0.0004,0.00044,0.00048,0.00056,0.00052,0.00044,0.00036,0.00032;
            0.00028,0.0003,0.00034,0.00038,0.0004,0.00044,0.00046,0.00048,0.00052,0.00056,0.00058,0.0006,0.00056,0.00052,0.00048,0.00042,0.0004,0.00044,0.00048,0.00056,0.00052,0.00044,0.00036,0.00032;
            0.0009333333333,0.001,0.001133333333,0.001266666667,0.001333333333,0.001466666667,0.001533333333,0.0016,0.001733333333,0.001866666667,0.001933333333,0.002,0.001866666667,0.001733333333,0.0016,0.0014,0.001333333333,0.001466666667,0.0016,0.001866666667,0.001733333333,0.001466666667,0.0012,0.001066666667;
            0.0009333333333,0.001,0.001133333333,0.001266666667,0.001333333333,0.001466666667,0.001533333333,0.0016,0.001733333333,0.001866666667,0.001933333333,0.002,0.001866666667,0.001733333333,0.0016,0.0014,0.001333333333,0.001466666667,0.0016,0.001866666667,0.001733333333,0.001466666667,0.0012,0.001066666667;
            0.00028,0.0003,0.00034,0.00038,0.0004,0.00044,0.00046,0.00048,0.00052,0.00056,0.00058,0.0006,0.00056,0.00052,0.00048,0.00042,0.0004,0.00044,0.00048,0.00056,0.00052,0.00044,0.00036,0.00032;
            0.00028,0.0003,0.00034,0.00038,0.0004,0.00044,0.00046,0.00048,0.00052,0.00056,0.00058,0.0006,0.00056,0.00052,0.00048,0.00042,0.0004,0.00044,0.00048,0.00056,0.00052,0.00044,0.00036,0.00032;
            0.00021,0.000225,0.000255,0.000285,0.0003,0.00033,0.000345,0.00036,0.00039,0.00042,0.000435,0.00045,0.00042,0.00039,0.00036,0.000315,0.0003,0.00033,0.00036,0.00042,0.00039,0.00033,0.00027,0.00024;
            0.00028,0.0003,0.00034,0.00038,0.0004,0.00044,0.00046,0.00048,0.00052,0.00056,0.00058,0.0006,0.00056,0.00052,0.00048,0.00042,0.0004,0.00044,0.00048,0.00056,0.00052,0.00044,0.00036,0.00032;
            0.00028,0.0003,0.00034,0.00038,0.0004,0.00044,0.00046,0.00048,0.00052,0.00056,0.00058,0.0006,0.00056,0.00052,0.00048,0.00042,0.0004,0.00044,0.00048,0.00056,0.00052,0.00044,0.00036,0.00032;
            0.00056,0.0006,0.00068,0.00076,0.0008,0.00088,0.00092,0.00096,0.00104,0.00112,0.00116,0.0012,0.00112,0.00104,0.00096,0.00084,0.0008,0.00088,0.00096,0.00112,0.00104,0.00088,0.00072,0.00064;
            0.00028,0.0003,0.00034,0.00038,0.0004,0.00044,0.00046,0.00048,0.00052,0.00056,0.00058,0.0006,0.00056,0.00052,0.00048,0.00042,0.0004,0.00044,0.00048,0.00056,0.00052,0.00044,0.00036,0.00032;
            0.00028,0.0003,0.00034,0.00038,0.0004,0.00044,0.00046,0.00048,0.00052,0.00056,0.00058,0.0006,0.00056,0.00052,0.00048,0.00042,0.0004,0.00044,0.00048,0.00056,0.00052,0.00044,0.00036,0.00032;
            0.00028,0.0003,0.00034,0.00038,0.0004,0.00044,0.00046,0.00048,0.00052,0.00056,0.00058,0.0006,0.00056,0.00052,0.00048,0.00042,0.0004,0.00044,0.00048,0.00056,0.00052,0.00044,0.00036,0.00032;
            0.00042,0.00045,0.00051,0.00057,0.0006,0.00066,0.00069,0.00072,0.00078,0.00084,0.00087,0.0009,0.00084,0.00078,0.00072,0.00063,0.0006,0.00066,0.00072,0.00084,0.00078,0.00066,0.00054,0.00048;
            0.00042,0.00045,0.00051,0.00057,0.0006,0.00066,0.00069,0.00072,0.00078,0.00084,0.00087,0.0009,0.00084,0.00078,0.00072,0.00063,0.0006,0.00066,0.00072,0.00084,0.00078,0.00066,0.00054,0.00048;
            0.00042,0.00045,0.00051,0.00057,0.0006,0.00066,0.00069,0.00072,0.00078,0.00084,0.00087,0.0009,0.00084,0.00078,0.00072,0.00063,0.0006,0.00066,0.00072,0.00084,0.00078,0.00066,0.00054,0.00048;
            0.00042,0.00045,0.00051,0.00057,0.0006,0.00066,0.00069,0.00072,0.00078,0.00084,0.00087,0.0009,0.00084,0.00078,0.00072,0.00063,0.0006,0.00066,0.00072,0.00084,0.00078,0.00066,0.00054,0.00048;
            0.00042,0.00045,0.00051,0.00057,0.0006,0.00066,0.00069,0.00072,0.00078,0.00084,0.00087,0.0009,0.00084,0.00078,0.00072,0.00063,0.0006,0.00066,0.00072,0.00084,0.00078,0.00066,0.00054,0.00048;
            0.00042,0.00045,0.00051,0.00057,0.0006,0.00066,0.00069,0.00072,0.00078,0.00084,0.00087,0.0009,0.00084,0.00078,0.00072,0.00063,0.0006,0.00066,0.00072,0.00084,0.00078,0.00066,0.00054,0.00048;
            0.00196,0.0021,0.00238,0.00266,0.0028,0.00308,0.00322,0.00336,0.00364,0.00392,0.00406,0.0042,0.00392,0.00364,0.00336,0.00294,0.0028,0.00308,0.00336,0.00392,0.00364,0.00308,0.00252,0.00224;
            0.00196,0.0021,0.00238,0.00266,0.0028,0.00308,0.00322,0.00336,0.00364,0.00392,0.00406,0.0042,0.00392,0.00364,0.00336,0.00294,0.0028,0.00308,0.00336,0.00392,0.00364,0.00308,0.00252,0.00224;
            0.00028,0.0003,0.00034,0.00038,0.0004,0.00044,0.00046,0.00048,0.00052,0.00056,0.00058,0.0006,0.00056,0.00052,0.00048,0.00042,0.0004,0.00044,0.00048,0.00056,0.00052,0.00044,0.00036,0.00032;
            0.00028,0.0003,0.00034,0.00038,0.0004,0.00044,0.00046,0.00048,0.00052,0.00056,0.00058,0.0006,0.00056,0.00052,0.00048,0.00042,0.0004,0.00044,0.00048,0.00056,0.00052,0.00044,0.00036,0.00032;
            0.00028,0.0003,0.00034,0.00038,0.0004,0.00044,0.00046,0.00048,0.00052,0.00056,0.00058,0.0006,0.00056,0.00052,0.00048,0.00042,0.0004,0.00044,0.00048,0.00056,0.00052,0.00044,0.00036,0.00032;
            0.00056,0.0006,0.00068,0.00076,0.0008,0.00088,0.00092,0.00096,0.00104,0.00112,0.00116,0.0012,0.00112,0.00104,0.00096,0.00084,0.0008,0.00088,0.00096,0.00112,0.00104,0.00088,0.00072,0.00064;
            0.0009333333333,0.001,0.001133333333,0.001266666667,0.001333333333,0.001466666667,0.001533333333,0.0016,0.001733333333,0.001866666667,0.001933333333,0.002,0.001866666667,0.001733333333,0.0016,0.0014,0.001333333333,0.001466666667,0.0016,0.001866666667,0.001733333333,0.001466666667,0.0012,0.001066666667;
            0.0007,0.00075,0.00085,0.00095,0.001,0.0011,0.00115,0.0012,0.0013,0.0014,0.00145,0.0015,0.0014,0.0013,0.0012,0.00105,0.001,0.0011,0.0012,0.0014,0.0013,0.0011,0.0009,0.0008;
            0.00098,0.00105,0.00119,0.00133,0.0014,0.00154,0.00161,0.00168,0.00182,0.00196,0.00203,0.0021,0.00196,0.00182,0.00168,0.00147,0.0014,0.00154,0.00168,0.00196,0.00182,0.00154,0.00126,0.00112;
            0.00028,0.0003,0.00034,0.00038,0.0004,0.00044,0.00046,0.00048,0.00052,0.00056,0.00058,0.0006,0.00056,0.00052,0.00048,0.00042,0.0004,0.00044,0.00048,0.00056,0.00052,0.00044,0.00036,0.00032;
            0,0,0,0,0,0,0,0,0,0,0,0,0,0,0,0,0,0,0,0,0,0,0,0];
%33*24
