function mpc = IEEE33BW

%% system MVA base -归一化基准值
mpc.baseMVA = 10; % 2025.8.31 由100改为10
mpc.Vb=12.66;
%% 负荷需求
% 24列是因为24个时间段
mpc.pload = [1.8 1.35 1.2 1.15 1.1 1.35 1.45 1.5 1.65 1.9 2.0 2.1 2.35 2.55 2.25 2.15 2.3 2.6 3.35 3.85 4.0 3.6 3.25 2.7];
% plot(mpc.pload)

%% 风机总出力
% 24列是因为24个时间段
mpc.wind = [1.4 1.53 1.45 1.34 1.26 1.13 1.03 0.75 0.55 0.35 0.45 0.43 0.35 0.32 0.30 0.33 0.35 0.43 0.55 0.72 0.75 0.79 0.82 0.95];
% plot(mpc.wind)
%% 光伏总出力
% 24列是因为24个时间段
mpc.pv = [0 0 0 0 0 0.185 0.195 0.3 0.48 0.63 0.7 0.76 0.83 0.76 0.7 0.63 0.48 0.3 0 0 0 0 0 0 ];       
% plot(mpc.pv)

%% 初始各节点有功负荷容量
% 和为3715 + j2300 kVA-不过是在什么都不接情况下的节点功率罢了
mpc.pload_prim = [100;90;120;60;60;200;200;60;60;45;60;60;120;60;60;60;90;90;90;90;90;90;420;420;60;60;60;120;200;150;210;60;0];
mpc.qload_prim = [60;40;80;30;20;100;100;20;20;30;35;35;80;10;20;20;40;40;40;40;40;50;200;200;25;25;20;70;600;70;100;40;0];

%% IEEE 33 支路 第一行是母线与节点1的线路数据
% 前两列代表节点拓扑关系
% 第三列代表复数形式的线路阻抗
% 如何确保得到的电压就是电压平方呢
mpc.branch= [33.0000000000000 + 0.00000000000000i,1.00000000000000 + 0.00000000000000i,0.0922000000000000 + 0.0470000000000000i;
            1.00000000000000 + 0.00000000000000i,2.00000000000000 + 0.00000000000000i,0.493000000000000 + 0.251100000000000i;
            2.00000000000000 + 0.00000000000000i,3.00000000000000 + 0.00000000000000i,0.366000000000000 + 0.186400000000000i;
            3.00000000000000 + 0.00000000000000i,4.00000000000000 + 0.00000000000000i,0.381100000000000 + 0.194100000000000i;
            4.00000000000000 + 0.00000000000000i,5.00000000000000 + 0.00000000000000i,0.819000000000000 + 0.707000000000000i;
            5.00000000000000 + 0.00000000000000i,6.00000000000000 + 0.00000000000000i,0.187200000000000 + 0.618800000000000i;
            6.00000000000000 + 0.00000000000000i,7.00000000000000 + 0.00000000000000i,0.711400000000000 + 0.235100000000000i;
            7.00000000000000 + 0.00000000000000i,8.00000000000000 + 0.00000000000000i,1.03000000000000 + 0.740000000000000i;
            8.00000000000000 + 0.00000000000000i,9.00000000000000 + 0.00000000000000i,1.04400000000000 + 0.740000000000000i;
            9.00000000000000 + 0.00000000000000i,10.0000000000000 + 0.00000000000000i,0.196600000000000 + 0.0650000000000000i;
            10.0000000000000 + 0.00000000000000i,11.0000000000000 + 0.00000000000000i,0.374400000000000 + 0.123800000000000i;
            11.0000000000000 + 0.00000000000000i,12.0000000000000 + 0.00000000000000i,1.46800000000000 + 1.15500000000000i;
            12.0000000000000 + 0.00000000000000i,13.0000000000000 + 0.00000000000000i,0.541600000000000 + 0.712900000000000i;
            13.0000000000000 + 0.00000000000000i,14.0000000000000 + 0.00000000000000i,0.591000000000000 + 0.526000000000000i;
            14.0000000000000 + 0.00000000000000i,15.0000000000000 + 0.00000000000000i,0.746300000000000 + 0.545000000000000i;
            15.0000000000000 + 0.00000000000000i,16.0000000000000 + 0.00000000000000i,1.28900000000000 + 1.72100000000000i;
            16.0000000000000 + 0.00000000000000i,17.0000000000000 + 0.00000000000000i,0.372000000000000 + 0.574000000000000i;
            1.00000000000000 + 0.00000000000000i,18.0000000000000 + 0.00000000000000i,0.164000000000000 + 0.156500000000000i;
            18.0000000000000 + 0.00000000000000i,19.0000000000000 + 0.00000000000000i,1.50420000000000 + 1.35540000000000i;
            19.0000000000000 + 0.00000000000000i,20.0000000000000 + 0.00000000000000i,0.409500000000000 + 0.478400000000000i;
            20.0000000000000 + 0.00000000000000i,21.0000000000000 + 0.00000000000000i,0.708900000000000 + 0.937300000000000i;
            2.00000000000000 + 0.00000000000000i,22.0000000000000 + 0.00000000000000i,0.451200000000000 + 0.308300000000000i;
            22.0000000000000 + 0.00000000000000i,23.0000000000000 + 0.00000000000000i,0.898000000000000 + 0.709100000000000i;
            23.0000000000000 + 0.00000000000000i,24.0000000000000 + 0.00000000000000i,0.896000000000000 + 0.701100000000000i;
            5.00000000000000 + 0.00000000000000i,25.0000000000000 + 0.00000000000000i,0.203000000000000 + 0.103400000000000i;
            25.0000000000000 + 0.00000000000000i,26.0000000000000 + 0.00000000000000i,0.284200000000000 + 0.144700000000000i;
            26.0000000000000 + 0.00000000000000i,27.0000000000000 + 0.00000000000000i,1.05900000000000 + 0.933700000000000i;
            27.0000000000000 + 0.00000000000000i,28.0000000000000 + 0.00000000000000i,0.804200000000000 + 0.700600000000000i;
            28.0000000000000 + 0.00000000000000i,29.0000000000000 + 0.00000000000000i,0.507500000000000 + 0.258500000000000i;
            29.0000000000000 + 0.00000000000000i,30.0000000000000 + 0.00000000000000i,0.974400000000000 + 0.963000000000000i;
            30.0000000000000 + 0.00000000000000i,31.0000000000000 + 0.00000000000000i,0.310500000000000 + 0.361900000000000i;
            31.0000000000000 + 0.00000000000000i,32.0000000000000 + 0.00000000000000i,0.341000000000000 + 0.536200000000000i];

